732.95 1155.37
685.51 1148.06
638.07 1140.64
590.96 1131.45
545.19 1117.2
502.32 1095.96
472.05 1059.29
453.22 1016.17
454.75 968.62
468.62 922.78
488.68 879.82
530.58 857.2
574.24 837.34
621.29 829.54
668.82 835.68
716.32 842.67
763.81 849.66
811.24 857.02
858.02 865.72
905.0 875.54
951.99 885.31
998.99 895.08
1045.99 904.83
1093.04 914.33
1128.06 941.65
1150.87 983.88
1173.69 1026.11
1196.54 1068.32
1219.42 1110.52
1242.29 1152.71
1265.41 1194.78
1249.39 1222.94
1201.56 1218.9
1153.72 1214.91
1105.94 1210.4
1058.31 1204.45
1010.68 1198.5
963.04 1192.62
915.65 1185.16
868.31 1177.27
820.96 1169.37
773.59 1161.63
740.2 1156.48
